0 147065.2 25 0.0 0.0
1 147065.2 25 25.0 0.138
2 147065.2 25 0.0 0.276
3 147065.2 25 20.0 0.415
4 147065.2 25 152.0 0.553
5 147065.2 25 0.0 0.691
6 147065.2 25 29.0 0.83
7 147065.2 25 0.0 0.968
8 147065.2 25 29.0 1.106
9 147065.2 25 0.0 1.244
10 147065.2 25 0.0 1.383
11 147065.2 25 0.0 1.521
12 147065.2 25 0.0 1.659
13 147065.2 25 0.0 1.797
14 147065.2 25 16.0 1.936
15 147065.2 25 0.0 2.074
16 147065.2 25 12.0 2.212
17 147065.2 25 0.0 2.35
18 147065.2 25 0.0 2.489
19 147065.2 25 0.0 2.627
20 147065.2 25 32.0 2.765
21 147065.2 25 12.0 2.903
22 147065.2 25 0.0 3.042
23 147065.2 25 0.0 3.18
24 147065.2 25 12.0 3.318
25 147065.2 25 0.0 3.456
26 147065.2 25 22.0 3.595
27 147065.2 25 0.0 3.733
28 147065.2 25 0.0 3.871
29 147065.2 25 17.0 4.009
30 147065.2 25 0.0 4.148
31 147065.2 25 0.0 4.286
32 147065.2 25 0.0 4.424
33 147065.2 25 0.0 4.562
34 147065.2 25 0.0 4.701
35 147065.2 25 0.0 4.839
36 147065.2 25 0.0 4.977
37 147065.2 25 0.0 5.115
38 147065.2 25 0.0 5.253
39 147065.2 25 0.0 5.392
40 147065.2 25 41.0 5.53
41 147065.2 25 12.0 5.668
42 147065.2 25 0.0 5.806
43 147065.2 25 0.0 5.945
44 147065.2 25 12.0 6.083
45 147065.2 25 0.0 6.221
46 147065.2 25 12.0 6.359
47 147065.2 25 0.0 6.498
48 147065.2 25 627.0 6.636
49 147065.2 25 9314.0 6.774
50 147065.2 25 61592.0 6.912
51 147065.2 25 170833.0 7.051
52 147065.2 25 288694.0 7.189
53 147065.2 25 331591.0 7.327
54 147065.2 25 273516.0 7.465
55 147065.2 25 181081.0 7.604
56 147065.2 25 108363.0 7.742
57 147065.2 25 69420.0 7.88
58 147065.2 25 40666.0 8.019
59 147065.2 25 22653.0 8.157
60 147065.2 25 13816.0 8.295
61 147065.2 25 10622.0 8.433
62 147065.2 25 6720.0 8.571
63 147065.2 25 5688.0 8.71
64 147065.2 25 5103.0 8.848
65 147065.2 25 3293.0 8.986
66 147065.2 25 2325.0 9.125
67 147065.2 25 2099.0 9.263
68 147065.2 25 1807.0 9.401
69 147065.2 25 1156.0 9.539
70 147065.2 25 1031.0 9.677
71 147065.2 25 956.0 9.816
72 147065.2 25 659.0 9.954
73 147065.2 25 628.0 10.092
74 147065.2 25 436.0 10.231
75 147065.2 25 367.0 10.369
76 147065.2 25 548.0 10.507
77 147065.2 25 438.0 10.645
78 147065.2 25 477.0 10.783
79 147065.2 25 427.0 10.922
80 147065.2 25 470.0 11.06
81 147065.2 25 152.0 11.198
82 147065.2 25 209.0 11.337
83 147065.2 25 247.0 11.475
84 147065.2 25 512.0 11.613
85 147065.2 25 131.0 11.751
86 147065.2 25 150.0 11.889
87 147065.2 25 172.0 12.028
88 147065.2 25 211.0 12.166
89 147065.2 25 188.0 12.304
90 147065.2 25 115.0 12.443
91 147065.2 25 79.0 12.581
92 147065.2 25 143.0 12.719
93 147065.2 25 75.0 12.857
94 147065.2 25 137.0 12.995
95 147065.2 25 130.0 13.134
96 147065.2 25 65.0 13.272
97 147065.2 25 187.0 13.41
98 147065.2 25 86.0 13.549
99 147065.2 25 132.0 13.687
100 147065.2 25 71.0 13.825
101 147065.2 25 106.0 13.963
102 147065.2 25 75.0 14.101
103 147065.2 25 78.0 14.24
104 147065.2 25 91.0 14.378
105 147065.2 25 36.0 14.516
106 147065.2 25 134.0 14.655
107 147065.2 25 85.0 14.793
108 147065.2 25 33.0 14.931
109 147065.2 25 29.0 15.069
110 147065.2 25 31.0 15.208
111 147065.2 25 42.0 15.346
112 147065.2 25 111.0 15.484
113 147065.2 25 71.0 15.622
114 147065.2 25 95.0 15.76
115 147065.2 25 205.0 15.899
116 147065.2 25 28.0 16.037
117 147065.2 25 43.0 16.175
118 147065.2 25 47.0 16.313
119 147065.2 25 118.0 16.452
120 147065.2 25 210.0 16.59
121 147065.2 25 115.0 16.728
122 147065.2 25 40.0 16.867
123 147065.2 25 12.0 17.005
124 147065.2 25 75.0 17.143
125 147065.2 25 14.0 17.281
126 147065.2 25 94.0 17.42
127 147065.2 25 16.0 17.558
128 147065.2 25 0.0 17.696
129 147065.2 25 32.0 17.834
130 147065.2 25 27.0 17.972
131 147065.2 25 30.0 18.111
132 147065.2 25 18.0 18.249
133 147065.2 25 13.0 18.387
134 147065.2 25 0.0 18.525
135 147065.2 25 39.0 18.664
136 147065.2 25 105.0 18.802
137 147065.2 25 0.0 18.94
138 147065.2 25 0.0 19.079
139 147065.2 25 34.0 19.217
140 147065.2 25 0.0 19.355
141 147065.2 25 0.0 19.493
142 147065.2 25 14.0 19.632
143 147065.2 25 12.0 19.77
144 147065.2 25 24.0 19.908
145 147065.2 25 12.0 20.046
146 147065.2 25 105.0 20.184
147 147065.2 25 29.0 20.323
148 147065.2 25 25.0 20.461
149 147065.2 25 14.0 20.599
150 147065.2 25 63.0 20.737
151 147065.2 25 28.0 20.876
152 147065.2 25 0.0 21.014
153 147065.2 25 0.0 21.152
154 147065.2 25 26.0 21.291
155 147065.2 25 12.0 21.429
156 147065.2 25 13.0 21.567
157 147065.2 25 0.0 21.705
158 147065.2 25 0.0 21.844
159 147065.2 25 28.0 21.982
160 147065.2 25 25.0 22.12
161 147065.2 25 34.0 22.258
162 147065.2 25 12.0 22.396
163 147065.2 25 102.0 22.535
164 147065.2 25 0.0 22.673
165 147065.2 25 36.0 22.811
166 147065.2 25 0.0 22.949
167 147065.2 25 0.0 23.088
168 147065.2 25 21.0 23.226
169 147065.2 25 15.0 23.364
170 147065.2 25 23.0 23.503
171 147065.2 25 12.0 23.641
172 147065.2 25 24.0 23.779
173 147065.2 25 0.0 23.917
174 147065.2 25 0.0 24.056
175 147065.2 25 0.0 24.194
176 147065.2 25 15.0 24.332
177 147065.2 25 12.0 24.47
178 147065.2 25 0.0 24.608
179 147065.2 25 15.0 24.747
180 147065.2 25 0.0 24.885
181 147065.2 25 0.0 25.023
182 147065.2 25 0.0 25.162
183 147065.2 25 0.0 25.3
184 147065.2 25 0.0 25.438
185 147065.2 25 0.0 25.576
186 147065.2 25 46.0 25.715
187 147065.2 25 0.0 25.853
188 147065.2 25 0.0 25.991
189 147065.2 25 0.0 26.129
190 147065.2 25 0.0 26.267
191 147065.2 25 0.0 26.406
192 147065.2 25 13.0 26.544
193 147065.2 25 0.0 26.682
194 147065.2 25 63.0 26.82
195 147065.2 25 0.0 26.959
196 147065.2 25 15.0 27.097
197 147065.2 25 0.0 27.235
198 147065.2 25 0.0 27.374
199 147065.2 25 14.0 27.512